0 4.46741853869753
1 3.7583439672598615
2 3.9953697081655264
3 4.081691512838006
4 3.9451062474399805
5 3.7952872994355857
6 3.731584634166211
7 3.7518594794382807
8 3.8032273366115987
9 3.833694400265813
10 3.824936017394066
11 3.7897650403901935
12 3.7511310953414068
13 3.7258583765360527
14 3.719258458297645
15 3.727060992474435
16 3.7403233700897545
17 3.7504290842916816
18 3.7524086532648653
19 3.7458528673741966
20 3.7338134195888415
21 3.7207529289880767
22 3.710546685830195
23 3.705150631860306
24 3.704187002571416
25 3.7054126523726154
26 3.7057843867805786
27 3.702634885557927
28 3.6944635767722502
29 3.6811100860359147
30 3.6634234884986654
31 3.6426689501386136
32 3.6198343873402337
33 3.595055572295678
34 3.5674146856326843
35 3.5350682268908713
36 3.4953704202198423
37 3.444878696638625
38 3.379485309997108
39 3.294458071497502
40 3.1842157525825314
41 3.0416783640393987
42 2.858540221117437
43 2.6430563726462424
44 2.39619133900851
45 2.1350870304740965
46 1.9033588538877666
47 1.7348654074594378
48 1.4828392551280558
49 1.2137320842593908
50 1.0728854313492775
51 1.1956046298146248
52 1.6193803884088993
53 0.9433568008244038
54 1.3176301084458828
55 1.0130192344076931
56 1.0827470310032368
57 0.7831331314519048
58 0.9759358516894281
59 0.6617223019711673
60 0.862759250216186
61 0.7015430596657097
62 0.6907901705708355
63 0.7745717739453539
64 0.6247302105184644
65 0.7000163522316143
66 0.6847869703778997
67 0.5936020376393571
68 0.6660926034674048
69 0.6146059792954475
70 0.5912506682798266
71 0.6389289915096015
72 0.5695648277178407
73 0.5864571967395023
74 0.5843393063405529
75 0.536221728194505
76 0.564189474505838
77 0.5371430517188855
78 0.5202395240703481
79 0.537997020437615
80 0.5103093926300062
81 0.5087176981032826
82 0.5158238809381146
83 0.4943847519461997
84 0.4989238420384936
85 0.5010588605655357
86 0.487029175797943
87 0.49482211912982166
88 0.4919416910270229
89 0.48322164290584624
90 0.4896004530019127
91 0.48308570589870214
92 0.4794195964350365
93 0.48320464306743816
94 0.47640306229004636
95 0.4762414879514836
96 0.4770376852247864
97 0.4712838404229842
98 0.4723031338653527
99 0.470875151862856
100 0.46716494736028835
