0 3.167565107345581
1 2.7140448540449142
2 2.3436340540647507
3 2.040645554661751
4 1.7944572120904922
5 1.5980378855019808
6 1.44678767118603
7 1.3375699432799593
8 1.267783155431971
9 1.2342633418738842
10 1.2319076638668776
11 1.2523495983332396
12 1.284011647105217
13 1.314691286534071
14 1.3353068120777607
15 1.342057203873992
16 1.3359211133792996
17 1.3206212064251304
18 1.300596374552697
19 1.2797029102221131
20 1.2606545900125639
21 1.244971561129205
22 1.233194153290242
23 1.2251810051966459
24 1.2203910914249718
25 1.2181048258207738
26 1.2175771677866578
27 1.218130815308541
28 1.2192054046317935
29 1.2203736226074398
30 1.2213391875848174
31 1.2219208925962448
32 1.2220325032249093
33 1.2216595807112753
34 1.2208375270711258
35 1.219631568674231
36 1.2181199173355708
37 1.216381920720778
38 1.214490519669198
39 1.212511591729708
40 1.210507316631265
41 1.2085387014085427
42 1.2066661866847426
43 1.204947768477723
44 1.2034385273000225
45 1.2021889396710321
46 1.2012414830969647
47 1.200621499097906
48 1.2003182750195265
49 1.2002449390129186
50 1.2001865457568783
51 1.1998419717056095
52 1.199010133081174
53 1.1977021296315797
54 1.1960903878680256
55 1.1944005467521492
56 1.1928183587588137
57 1.1914345030090772
58 1.190232526161708
59 1.1891096263425425
60 1.1879202930722386
61 1.1865283043880481
62 1.184847118158359
63 1.1828666183864698
64 1.1806659913927433
65 1.1784050130736432
66 1.1762564796790684
67 1.1742506292193866
68 1.1721433826260181
69 1.1695999691073666
70 1.1665198204500484
71 1.1630626478217891
72 1.1594638381939149
73 1.1558142660505837
74 1.1519237511820393
75 1.1474489119136706
76 1.142237320644199
77 1.1364768641651608
78 1.130453251869767
79 1.1240149711811682
80 1.1165940004138974
81 1.1081467268668348
82 1.0991075703350361
83 1.0892525078816107
84 1.0777938997780439
85 1.064848119902308
86 1.0506046749651432
87 1.033975385769736
88 1.0153336707153358
89 0.9946022770018317
90 0.9711684019421227
91 0.9467158562038094
92 0.9205523714190349
93 0.8934032032266259
94 0.8642532086232677
95 0.834105780464597
96 0.8035331931896508
97 0.7727861029561609
98 0.7427872030530125
99 0.712247742107138
100 0.6825647430960089
